3010	00 0001 0000 0000
3011	00 0000 0001 0000
3012	00 0000 0000 0001
3013	00 0001 0001 0001
3014	00 0001 0001 0000
3015	00 0000 0001 0001
3016	00 0001 0000 0001
3017	00 0002 0000 0000
3020	00 0000 0002 0000
3021	00 0000 0000 0002
3022	00 7777 0000 0000
3023	00 0000 7777 0000
3024	00 0000 0000 7777
3025	37 0000 0000 0000
3026	20 0000 0000 0000
3027	37 0000 7777 7777
3030	00 7777 7777 7777
3031	37 7777 0000 7777
3032	37 7777 7777 0000
3033	00 7777 0000 7777
3034	00 0000 7777 7777
3035	17 7777 7777 7777
3036	37 7777 7777 7777
3037	04 6420 2324 1220
3040	00 0020 0000 0000
3041	00 0000 0020 0000
3042	10 0000 0000 0000
3043	04 0000 0000 0000
3044	02 0000 0000 0000
3045	01 0000 0000 0000
3046	00 2000 0000 0000
3047	00 0000 0000 0020
3050	12 0000 0000 0000
3051	13 0562 0577 3722
3052	01 4631 4631 4632
3053	00 1217 2702 4366
3054	00 0101 4223 3514
3055	03 1463 1463 1463
3056	04 6314 6314 6315
3057	14 6314 6314 6315
3060	00 0203 0446 7230
3061	02 4365 6050 7534
3062	05 0753 4121 7270
3063	05 0574 6033 3447
3064	11 0156 5650 1025
3065	05 7055 2615 4264
3066	14 4417 6652 1042
3067	12 1371 4066 7116
3070	13 2404 7463 1772
3071	11 1715 1642 6202
3072	16 3765 6134 5604
3073	06 3041 0514 7521
3074	12 6770 2505 4243
3075	05 2525 2525 2525
3076	01 4760 1366 1043
3077	06 7455 7305 2237
3100	01 0000 0000 0003
3101	26 0012 0000 0000
3102	11 0002 3050 0002
3103	10 3047 0002 0004
3104	12 0003 3045 0003
3105	01 0004 0003 0003
3106	12 0004 3047 0004
3107	02 0002 0004 0002
3110	12 0002 3045 0002
3111	27 4001 3102 3146
3112	01 5712 7226 4561
3113	02 2346 6040 1441
3114	03 6616 1114 4322
3115	13 4252 1661 7650
3116	01 3020 0000 0005
3117	05 3070 0002 3123
3120	12 0002 3070 0002
3121	01 0005 3011 0005
3122	05 0000 0000 3117
3123	12 3011 0005 0004
3124	02 0005 3020 0006
3125	12 0006 0005 0005
3126	11 0002 3042 0002
3127	02 0002 3042 0006
3130	01 0002 3042 0002
3131	12 0006 0002 0002
3132	11 0002 0002 0006
3133	12 0002 3043 0002
3134	26 0003 0000 0000
3135	01 3112 0000 0003
3136	11 0003 0006 0003
3137	01 0003 7113 0003
3140	27 4001 3136 3141
3141	11 0003 0002 0003
3142	11 0003 0004 0003
3143	11 0005 3042 0005
3144	02 0003 0005 0003
3145	11 0003 3051 0003
3146	32 0000 0000 0000
3147	11 0002 3067 0002
3150	06 3035 0002 0002
3151	05 0000 0000 3153
3152	11 0002 3067 0002
3153	11 0002 0002 0004
3154	26 0004 0000 0000
3155	01 3172 0000 0003
3156	11 0003 0004 0003
3157	01 0003 7173 0003
3160	27 4001 3156 3161
3161	11 0003 0002 0003
3162	32 0000 0000 0000
3163	01 0000 3035 0003
3164	12 0002 0003 0004
3165	02 0004 0003 0004
3166	11 0004 3042 0004
3167	01 0003 0004 0003
3170	05 3047 0004 3164
3171	32 0000 0000 0000
3172	00 0004 7553 6722
3173	20 0231 1146 1443
3174	00 5063 2127 5453
3175	25 1256 7405 5264
3176	14 4417 6651 0101
3177	20 0000 0000 0001
3201    00 4000 0000 0000
3202	06 3025 3044 0004
3203	01 0000 0004 0005
3204	11 0002 3201 0002
3205	11 0002 0002 0006
3206	12 0006 0005 0005
3207	02 0004 3044 0004
3210	01 0004 0005 0005
3211	05 3044 0004 3206
3212	02 0005 0002 0005
3213	11 0002 3042 0002
3214	12 0002 0005 0002
3215	01 0002 3043 0003
3216	32 0000 0000 0000
3217	05 0002 3042 3221
3220	06 3035 0002 0002
3221	05 0002 3043 3237
3222	06 3042 0002 0002
3223	01 3026 0000 0005
3224	12 0002 3241 0002
3225	06 3035 0002 0002
3226	11 0002 0002 0004
3227	26 0004 0000 0000
3230	01 3172 0000 0003
3231	11 0003 0004 0003
3232	01 0003 7173 0003
3233	27 4001 3231 3234
3234	11 0003 0002 0003
3235	14 0005 0003 0003
3236	32 0000 0000 0000
3237	01 0000 0000 0005
3240	04 0000 0000 3224
3241	04 0000 0000 0001
3242	02 0000 0000 0004
3243	05 0000 0000 3245
3244	01 0000 0000 0004
3245	01 0000 0000 0003
3246	01 3042 0000 0006
3247	11 0002 0002 0005
3250	31 0002 3251 3253
3251	02 0005 3042 0002
3252	05 0000 0000 3255
3253	14 0003 0006 0003
3254	02 3042 0005 0002
3255	12 0002 3263 0002
3256	10 3042 0006 0006
3257	05 3012 0006 3247
3260	31 0004 3262 3261
3261	02 3042 0003 0003
3262	32 0000 0000 0000
3263	10 0000 0000 0001
3264	04 0000 0002 3266
3265	01 3035 0002 0002
3266	04 0002 3042 3273
3267	02 3035 0002 0002
3270	04 0002 3043 3272
3271	02 3042 0002 0002
3272	02 0000 0002 0002
3273	04 0002 3043 3275
3274	02 3042 0002 0002
3275	12 0002 3241 0002
3276	04 0000 0000 3153
3277	22 0003 0003 3146