3300    01 0000 3621 0026
3301    01 0000 3622 0027
3302    02 3000 3011 0014
3303    14 3050 3026 0012
3304    01 0014 3011 0014
3305    34 0014 0000 0011
3306    15 0011 3025 0013
3307    16 0013 3600 3430
3310    16 0013 3045 3333
3311    16 0013 3044 3333
3312    16 0013 3050 3461
3313    16 0013 3601 3333
3314    16 0013 3602 3323
3315    16 0013 3603 3317
3316    31 0000 3557 0000
3317    01 0011 0000 0010
3320    01 0014 3011 0014
3321    34 0014 0000 0011
3322    31 0000 0010 0000
3323    13 3604 0011 0014
3324    34 0014 0000 0014
3325    31 0014 3326 3330
3326    15 0011 3023 0014
3327    31 0000 3305 0000
3330    13 3624 0011 0011
3331    15 0011 3023 0014
3332    31 0000 3305 0000
3333    14 0013 3613 0025
3334    13 3624 0011 0017
3335    13 3604 0011 0016
3336    34 0011 0000 0015
3337    34 0016 0000 0020
3340    15 0020 3605 0021
3341    15 0020 3606 0022
3342    15 0015 3605 0023
3343    15 0015 3606 0024
3344    02 0022 0024 0016
3345    31 0016 3346 3410
3346    05 0016 3607 3352
3347    34 0017 0000 0000
3350    14 0000 0020 4000
3351    31 0000 3304 0000
3352    02 0000 0016 0016
3353    31 0023 3354 3356
3354    13 0016 0023 0023
3355    31 0000 0025 0000
3356    15 0023 3035 0023
3357    13 0016 0023 0023
3360    02 0000 0023 0023
3361    31 0000 0025 0000
3362    05 0022 3610 3365
3363    33 0000 0000 0000
3364    31 0000 3363 0000
3365    01 3012 0022 0022
3366    11 0021 3042 0021
3367    01 3042 0021 0021
3370    15 0021 3611 0016
3371    16 0000 0016 3375
3372    01 0021 3612 0021
3373    31 0000 3375 0000
3374    31 0000 3362 0000
3375    15 0021 3605 0021
3376    16 0021 0000 3446
3377    34 0017 0000 0000
3400    14 0021 0022 4000
3401    31 0000 3304 0000
3402    35 0021 0016 0021
3403    01 0016 0022 0022
3404    04 3012 0022 3370
3405    34 0017 0000 0000
3406    15 3026 0021 4000
3407    31 0000 3304 0000
3410    16 0000 0016 0025
3411    05 0016 3607 3415
3412    14 0000 0000 0021
3413    14 0024 0000 0022
3414    31 0000 0025 0000
3415    31 0021 3416 3421
3416    13 0016 0021 0021
3417    14 0024 0000 0022
3420    31 0000 0025 0000
3421    15 0021 3035 0021
3422    13 0016 0021 0021
3423    02 0000 0021 0021
3424    14 0024 0000 0022
3425    31 0000 0025 0000
3426    22 0000 0000 0000
3427    16 0000 0000 0000
3430    34 0011 0000 0015
3431    13 3624 0011 0017
3432    13 3604 0011 0016
3433    34 0016 0000 0020
3434    15 0020 3605 0021
3435    15 0020 3606 0022
3436    15 0015 3605 0023
3437    15 0015 3606 0024
3440    01 0022 0024 0022
3441    02 0022 3611 0022
3442    05 0022 3610 3445
3443    33 0000 0000 0000
3444    31 0000 3443 0000
3445    04 3012 0022 3451
3446    34 0017 0000 0000
3447    14 0000 0000 4000
3450    31 0000 3304 0000
3451    11 0021 0023 0021
3452    05 0021 0000 3456
3453    35 0021 0016 0021
3454    01 0016 0022 0022
3455    04 0000 0022 3376
3456    34 0017 0000 0000
3457    14 0000 0000 4000
3460    31 0000 3304 0000
3461    34 0011 0000 0015
3462    16 0015 0000 3363
3463    13 3624 0011 0017
3464    13 3604 0011 0016
3465    34 0016 0000 0020
3466    16 0020 0000 3477
3467    15 0020 3607 0021
3470    15 0020 3607 0022
3471    15 0015 3605 0023
3472    15 0015 3606 0024
3473    02 0022 0024 0022
3474    10 0022 3611 0022
3475    05 3610 0022 3363
3476    04 0000 0022 3502
3477    34 0017 0000 0000
3500    14 0000 0000 4000
3501    31 0000 3304 0000
3502    11 0021 3042 0021
3503    01 0022 3012 0022
3504    12 0021 0023 0021
3505    31 0000 3370 0000
3510    14 0000 0000 0007
3511    15 0004 3606 0005
3512    15 0004 3605 0006
3513    16 0005 0000 3551
3514    05 3625 0005 3524
3515    05 3623 0005 3532
3516    11 0006 3626 0006
3517    02 0007 3012 0007
3520    35 0006 0004 0006
3521    01 0004 0005 0005
3522    01 0005 3615 0005
3523    31 0000 3515 0000
3524    11 0006 3614 0006
3525    35 0006 0004 0006
3526    01 3012 0007 0007
3527    01 0004 0005 0005
3530    01 0005 3627 0005
3531    31 0000 3514 0000
3532    05 3611 0005 3536
3533    11 3042 0006 0006
3534    01 3012 0005 0005
3535    31 0000 3532 0000
3536    01 0000 0006 0002
3537    30 3026 3540 3100
3540    05 0007 3616 3547
3541    31 0007 3542 3544
3542    02 0007 3617 0004
3543    31 0000 3545 0000
3544    01 0007 3617 0004
3545    14 0004 3620 0004
3546    22 0003 0004 3304
3547    14 0007 0000 0004
3550    22 0003 0004 3304
3551    22 0006 0007 3304
3557    16 0013 0426 3510
3560    16 0013 0427 3564
3561    30 3026 3562 0011
3562    16 3026 0013 3630
3563    31 0000 3304 0000
3564    13 3624 0011 0017
3565    15 0011 3032 0021
3566    14 0021 3574 0021
3567    01 0021 0000 0011
3570    31 0000 3561 0000
3571    15 0017 3023 0014
3572    02 0014 3011 0014
3573    32 0000 0000 0000
3600    11 0000 0000 0000
3601    06 0000 0000 0000
3602    31 0000 0000 0000
3603    25 0000 0000 0000
3604    20 0000 0000 0014
3605    37 7777 7777 7600
3606    00 0000 0000 0177
3607    00 0000 0000 0041
3610    00 0000 0000 0176
3611    00 0000 0000 0100
3612    00 0000 0000 0200
3613    00 0021 0023 0021
3614    14 6314 6314 6320
3615    00 0000 0000 0004
3616    00 0000 0000 0011
3617    00 0000 0000 0012
3620    00 0000 0000 0020
3621    05 0000 0000 3402
3622    05 0000 0000 3362
3623    00 0000 0000 0075
3624    00 0000 0000 0014
3625    00 0000 0000 0101
3626    12 0000 0000 0000
3627    20 0000 0000 0003
3630    35 0000 0006 0000
3631    14 0000 0000 0017
3632    15 0011 3023 0005
3633    15 0011 3023 0005
3634    11 0004 3040 0003
3635    02 0005 0003 0007
3636    11 0003 3040 0005
3637    14 0004 0005 0005
3640    14 3630 0005 0004
3641    14 3050 3026 0005
3642    30 3026 3643 0004
3643    34 0003 0000 0000
3644    16 0000 4000 3650
3645    15 4000 3605 4000
3646    01 0006 3611 0006
3647    14 0006 4000 4000
3650    05 0007 0017 3655
3651    01 3011 0017 0017
3652    03 3016 0004 0004
3653    01 3011 0003 0003
3654    31 0000 3642 0000
3655    14 3011 0000 0017
3656    34 0011 0000 0000
3657    16 4000 0000 3304
3660    15 3605 4000 0004
3661    15 3606 4000 0005
3662    11 0011 3040 0006
3663    34 0006 0000 0000
3664    15 3605 4000 0022
3665    15 3606 4000 0010
3666    16 4000 0000 3702
3667    12 0022 0000 4000
3670    31 0000 3674 0000
3671    11 0022 3042 0022
3672    01 0010 3012 0010
3673    30 0000 3667 0000
3674    02 0010 0005 0010
3675    01 0010 3611 0010
3676    35 4000 0003 4000
3677    01 0003 0010 0010
3700    15 4000 3605 4000
3701    14 4000 0010 4000
3702    16 0017 0007 3304
3703    01 3011 0017 0017
3704    03 3011 0006 0006
3705    31 0000 3663 0000