3600    01 0000 3043 0040
3601    11 0040 3075 0036
3602    11 3042 3075 0037
3603    34 3005 0000 0043
3604    01 3005 4000 0033
3605    01 0033 4000 0016
3606    01 0016 4000 0035
3607    01 0036 0000 0017
3610    01 0036 0000 0020
3611    01 3001 0000 0031
3612    01 3004 0000 0032
3613    01 0000 0000 0022
3614    01 0000 0000 0021
3615    04 3002 0031 3200
3616    01 0031 0000 0034
3617    01 3005 3011 0024
3620    01 0033 3011 0025
3621    01 0016 3011 0026
3622    34 0024 0000 0023
3623    34 0025 0000 0000
3624    01 0023 0000 4000
3625    34 0026 0000 0000
3626    01 0000 0023 4000
3627    01 0024 3011 0024
3630    01 0025 3011 0025
3631    01 0026 3011 0026
3632    04 0024 0033 3622
3633    05 0000 0000 3003
3634    01 0035 3011 0027
3635    01 3005 3011 0024
3636    02 0036 0020 0020
3637    01 0020 0017 0017
3640    04 0017 0037 3642
3641    02 0017 0037 0017
3642    34 0027 0000 0000
3643    11 4000 0017 0023
3644    34 0024 0000 0000
3645    01 4000 0023 4000
3646    01 0027 3011 0027
3647    01 0024 3011 0024
3650    04 0024 0033 3642
3651    16 0022 3042 3673
3652    02 0040 0021 0021
3653    01 0021 0022 0022
3654    11 3000 0022 0041
3655    01 0041 0034 0031
3656    01 0035 3020 0042
3657    02 0026 3011 0026
3660    02 0025 3011 0025
3661    02 0027 3011 0027
3662    34 0027 0000 0000
3663    11 0022 4000 0023
3664    34 0026 0000 0030
3665    34 0025 0000 0000
3666    01 0023 0030 4000
3667    04 0042 0027 3657
3670    01 0026 0043 0026
3671    01 0025 0043 0025
3672    04 0000 0000 3003
3673    02 0032 3011 0032
3674    01 3005 0000 0002
3675    30 0032 3612 3354
3676    05 0000 0000 3613