3300 01 0000 0000 0003
3301 05 0002 0000 3317
3302 01 3035 0000 0003
3303 16 0002 3035 3317
3304 01 3043 0000 0005
3305 05 3043 0002 3311
3306 12 0002 3043 0002
3307 11 0005 3042 0005
3310 05 0000 0000 3305
3311 12 0002 0003 0004
3312 02 0004 0003 0004
3313 11 0004 3042 0004
3314 01 0003 0004 0003
3315 05 3021 0004 3311
3316 11 0003 0005 0003
3317 32 0000 0000 0000
3320 01 0000 0000 0003
3321 01 0002 3011 0005
3322 01 0004 3011 0006
3323 34 0002 0000 0007
3324 34 0006 0000 0010
3325 34 0005 0000 0000
3326 11 4000 0010 0011
3327 01 0003 0011 0003
3330 01 0005 3011 0005
3331 01 0006 3011 0006
3332 02 0007 3011 0007
3333 31 0007 3324 3146
3334 34 0002 0000 0006
3335 01 0002 4000 0007
3336 01 0006 0003 0005
3337 01 0002 3011 0010
3340 01 0003 3011 0012
3341 01 0004 3011 0011
3342 01 0000 0000 0015
3343 34 0010 0000 0013
3344 34 0011 0000 0000
3345 11 0013 4000 0014
3346 01 0014 0015 0015
3347 01 0010 3011 0010
3350 01 0011 3011 0011
3351 05 0010 0007 3343
3352 34 0012 0000 0000
3353 01 0015 0000 4000
3354 01 0012 3011 0012
3355 01 0007 0006 0007
3356 05 0012 0005 3341
3357 32 0000 0000 0000
3360 01 0000 3035 0011
3361 01 0000 0007 0002
3362 30 3026 3363 3116
3363 11 0003 0010 0012
3364 05 0012 0004 3370
3365 01 0012 0004 0012
3366 11 0011 3065 0011
3367 05 0000 0000 3364
3370 12 0012 0004 0012
3371 01 0000 0012 0002
3372 30 3026 3373 3202
3373 11 0003 0011 0003
3374 05 0000 0000 0001
3375 00 0004 0000 0000
3376 06 3146 3146 3146
3377 00 0000 0000 0014